SPEAKER         id       #SENT      #WORD       Corr        Sub        Ins        Del        Err      S.Err
21100167        raw        108       1513        493        954         93         66       1113        108
21100167        sys        108       1513      32.58      63.05       6.15       4.36      73.56     100.00
21100174        raw        108       1513        546        945        191         22       1158        108
21100174        sys        108       1513      36.09      62.46      12.62       1.45      76.54     100.00
21100200        raw        108       1513        496        962        119         55       1136        108
21100200        sys        108       1513      32.78      63.58       7.87       3.64      75.08     100.00
21100274        raw        107       1497        577        905        217         15       1137        107
21100274        sys        107       1497      38.54      60.45      14.50       1.00      75.95     100.00
SUM             raw        431       6036       2112       3766        620        158       4544        431
SUM             sys        431       6036      34.99      62.39      10.27       2.62      75.28     100.00
